C2  1  [4.0648121]
C2  2  [4.0648121  3.62969054]
C2  3  [4.0648121  3.62969054 0.25537524]
C2  4  [4.0648121  3.62969054 0.25537524 0.14259889]
C2  5  [4.0648121  3.62969054 0.25537524 0.14259889 1.09944085]
C2  6  [4.0648121  3.62969054 0.25537524 0.14259889 1.09944085 2.68409191]
C2  7  [4.0648121  3.62969054 0.25537524 0.14259889 1.09944085 2.68409191
 1.25141843]
C2  8  [4.0648121  3.62969054 0.25537524 0.14259889 1.09944085 2.68409191
 1.25141843 0.46965545]
C2  9  [4.0648121  3.62969054 0.25537524 0.14259889 1.09944085 2.68409191
 1.25141843 0.46965545 0.48304878]
C2  10  [4.0648121  3.62969054 0.25537524 0.14259889 1.09944085 2.68409191
 1.25141843 0.46965545 0.48304878 0.24470274]
C2  11  [4.0648121  3.62969054 0.25537524 0.14259889 1.09944085 2.68409191
 1.25141843 0.46965545 0.48304878 0.24470274 0.91040022]
C2  12  [4.0648121  3.62969054 0.25537524 0.14259889 1.09944085 2.68409191
 1.25141843 0.46965545 0.48304878 0.24470274 0.91040022 2.42737847]
C2  13  [4.0648121  3.62969054 0.25537524 0.14259889 1.09944085 2.68409191
 1.25141843 0.46965545 0.48304878 0.24470274 0.91040022 2.42737847
 3.00834359]
C2  14  [4.0648121  3.62969054 0.25537524 0.14259889 1.09944085 2.68409191
 1.25141843 0.46965545 0.48304878 0.24470274 0.91040022 2.42737847
 3.00834359 2.409929  ]
C2  15  [4.0648121  3.62969054 0.25537524 0.14259889 1.09944085 2.68409191
 1.25141843 0.46965545 0.48304878 0.24470274 0.91040022 2.42737847
 3.00834359 2.409929   0.37294699]
