C2  1  [1.07451202 1.3663411  1.04725494 1.08100087 1.21385715 1.02068644
 0.8436117  1.0411901  0.77611744 0.89221371 0.78880867 1.07372922
 1.43886856 1.20952117 0.95616221]
C2  2  [1.07451202 1.3663411  1.04725494 1.08100087 1.21385715 1.02068644
 0.8436117  1.0411901  0.77611744 0.89221371 0.78880867 1.07372922
 1.43886856 1.20952117 0.95616221]
C2  3  [1.07451202 1.3663411  1.04725494 1.08100087 1.21385715 1.02068644
 0.8436117  1.0411901  0.77611744 0.89221371 0.78880867 1.07372922
 1.43886856 1.20952117 0.95616221]
C2  4  [1.07451202 1.3663411  1.04725494 1.08100087 1.21385715 1.02068644
 0.8436117  1.0411901  0.77611744 0.89221371 0.78880867 1.07372922
 1.43886856 1.20952117 0.95616221]
C2  5  [1.07451202 1.3663411  1.04725494 1.08100087 1.21385715 1.02068644
 0.8436117  1.0411901  0.77611744 0.89221371 0.78880867 1.07372922
 1.43886856 1.20952117 0.95616221]
C2  6  [1.07451202 1.3663411  1.04725494 1.08100087 1.21385715 1.02068644
 0.8436117  1.0411901  0.77611744 0.89221371 0.78880867 1.07372922
 1.43886856 1.20952117 0.95616221]
C2  7  [1.07451202 1.3663411  1.04725494 1.08100087 1.21385715 1.02068644
 0.8436117  1.0411901  0.77611744 0.89221371 0.78880867 1.07372922
 1.43886856 1.20952117 0.95616221]
C2  8  [1.07451202 1.3663411  1.04725494 1.08100087 1.21385715 1.02068644
 0.8436117  1.0411901  0.77611744 0.89221371 0.78880867 1.07372922
 1.43886856 1.20952117 0.95616221]
C2  9  [1.07451202 1.3663411  1.04725494 1.08100087 1.21385715 1.02068644
 0.8436117  1.0411901  0.77611744 0.89221371 0.78880867 1.07372922
 1.43886856 1.20952117 0.95616221]
C2  10  [1.07451202 1.3663411  1.04725494 1.08100087 1.21385715 1.02068644
 0.8436117  1.0411901  0.77611744 0.89221371 0.78880867 1.07372922
 1.43886856 1.20952117 0.95616221]
C2  11  [1.07451202 1.3663411  1.04725494 1.08100087 1.21385715 1.02068644
 0.8436117  1.0411901  0.77611744 0.89221371 0.78880867 1.07372922
 1.43886856 1.20952117 0.95616221]
C2  12  [1.07451202 1.3663411  1.04725494 1.08100087 1.21385715 1.02068644
 0.8436117  1.0411901  0.77611744 0.89221371 0.78880867 1.07372922
 1.43886856 1.20952117 0.95616221]
C2  13  [1.07451202 1.3663411  1.04725494 1.08100087 1.21385715 1.02068644
 0.8436117  1.0411901  0.77611744 0.89221371 0.78880867 1.07372922
 1.43886856 1.20952117 0.95616221]
C2  14  [1.07451202 1.3663411  1.04725494 1.08100087 1.21385715 1.02068644
 0.8436117  1.0411901  0.77611744 0.89221371 0.78880867 1.07372922
 1.43886856 1.20952117 0.95616221]
C2  15  [1.07451202 1.3663411  1.04725494 1.08100087 1.21385715 1.02068644
 0.8436117  1.0411901  0.77611744 0.89221371 0.78880867 1.07372922
 1.43886856 1.20952117 0.95616221]
