rattling1 for OH1 starts here
3     481        -0.38174437     -0.53850349     -1.09849792
4     481        -0.33980058     -0.48379171     -1.17353097
5     481        -0.32413617     -0.41745640     -1.24489717
6     481        -0.31585561     -0.34753123     -1.28469743
7     481        -0.30726383     -0.26871495     -1.27560324
8     481        -0.32627833     -0.19972654     -1.26373605
9     481        -0.38075623     -0.14320067     -1.34630028
10    481        -0.46031974     -0.10097407     -1.43324985
11    481        -0.52200628     -0.05557453     -1.48806779
12    481        -0.55178933     -0.00028277     -1.49068040
13    481        -0.53826521      0.04601503     -1.48932266
14    481        -0.50796665      0.05498056     -1.48362604
15    481        -0.50419274      0.03463363     -1.44942387
16    481        -0.51851461      0.01993047     -1.39659424
17    481        -0.52840736      0.02194176     -1.37013574
18    481        -0.52925117      0.04920308     -1.32857658
19    481        -0.54210297      0.06360348     -1.29872707
20    481        -0.56064845      0.04271000     -1.26369895
21    481        -0.58287068      0.03401059     -1.24106951
rattaling1 for OH1 ends here
rattling1 for OH1 starts here
17    481        -0.52840736      0.02194176     -1.37013574
18    481        -0.52925117      0.04920308     -1.32857658
19    481        -0.54210297      0.06360348     -1.29872707
20    481        -0.56064845      0.04271000     -1.26369895
21    481        -0.58287068      0.03401059     -1.24106951
22    481        -0.58581285      0.02569678     -1.22546492
23    481        -0.57594734      0.01260052     -1.21603992
24    481        -0.56386126     -0.02402985     -1.20815419
25    481        -0.55767117     -0.08609269     -1.21681510
26    481        -0.55820470     -0.13408260     -1.25842892
27    481        -0.56241827     -0.16464627     -1.30004196
28    481        -0.59141013     -0.19021558     -1.28102051
29    481        -0.63981512     -0.20347105     -1.20924098
30    481        -0.66568757     -0.24122360     -1.13504538
31    481        -0.66833512     -0.32276479     -1.08097824
32    481        -0.68361614     -0.43772633     -1.04193943
33    481        -0.71678515     -0.56141944     -1.00793402
34    481        -0.75762176     -0.63852132     -1.00164589
35    481        -0.78865920     -0.67496374     -0.99107885
rattaling1 for OH1 ends here
rattling1 for OH1 starts here
19    481        -0.54210297      0.06360348     -1.29872707
20    481        -0.56064845      0.04271000     -1.26369895
21    481        -0.58287068      0.03401059     -1.24106951
22    481        -0.58581285      0.02569678     -1.22546492
23    481        -0.57594734      0.01260052     -1.21603992
24    481        -0.56386126     -0.02402985     -1.20815419
25    481        -0.55767117     -0.08609269     -1.21681510
26    481        -0.55820470     -0.13408260     -1.25842892
27    481        -0.56241827     -0.16464627     -1.30004196
28    481        -0.59141013     -0.19021558     -1.28102051
29    481        -0.63981512     -0.20347105     -1.20924098
30    481        -0.66568757     -0.24122360     -1.13504538
31    481        -0.66833512     -0.32276479     -1.08097824
32    481        -0.68361614     -0.43772633     -1.04193943
33    481        -0.71678515     -0.56141944     -1.00793402
34    481        -0.75762176     -0.63852132     -1.00164589
35    481        -0.78865920     -0.67496374     -0.99107885
36    481        -0.80075915     -0.67430007     -1.00734665
37    481        -0.76820452     -0.66104263     -0.96813706
rattaling1 for OH1 ends here
rattling1 for OH1 starts here
21    481        -0.58287068      0.03401059     -1.24106951
22    481        -0.58581285      0.02569678     -1.22546492
23    481        -0.57594734      0.01260052     -1.21603992
24    481        -0.56386126     -0.02402985     -1.20815419
25    481        -0.55767117     -0.08609269     -1.21681510
26    481        -0.55820470     -0.13408260     -1.25842892
27    481        -0.56241827     -0.16464627     -1.30004196
28    481        -0.59141013     -0.19021558     -1.28102051
29    481        -0.63981512     -0.20347105     -1.20924098
30    481        -0.66568757     -0.24122360     -1.13504538
31    481        -0.66833512     -0.32276479     -1.08097824
32    481        -0.68361614     -0.43772633     -1.04193943
33    481        -0.71678515     -0.56141944     -1.00793402
34    481        -0.75762176     -0.63852132     -1.00164589
35    481        -0.78865920     -0.67496374     -0.99107885
36    481        -0.80075915     -0.67430007     -1.00734665
37    481        -0.76820452     -0.66104263     -0.96813706
38    481        -0.74610539     -0.65741196     -0.93849314
39    481        -0.79998517     -0.66986640     -0.99213257
rattaling1 for OH1 ends here
rattling1 for OH1 starts here
26    481        -0.55820470     -0.13408260     -1.25842892
27    481        -0.56241827     -0.16464627     -1.30004196
28    481        -0.59141013     -0.19021558     -1.28102051
29    481        -0.63981512     -0.20347105     -1.20924098
30    481        -0.66568757     -0.24122360     -1.13504538
31    481        -0.66833512     -0.32276479     -1.08097824
32    481        -0.68361614     -0.43772633     -1.04193943
33    481        -0.71678515     -0.56141944     -1.00793402
34    481        -0.75762176     -0.63852132     -1.00164589
35    481        -0.78865920     -0.67496374     -0.99107885
36    481        -0.80075915     -0.67430007     -1.00734665
37    481        -0.76820452     -0.66104263     -0.96813706
38    481        -0.74610539     -0.65741196     -0.93849314
39    481        -0.79998517     -0.66986640     -0.99213257
40    481        -0.88411854     -0.66584474     -1.09311638
41    481        -0.88111569     -0.64665849     -1.12405137
42    481        -0.80949550     -0.62204502     -1.11241477
43    481        -0.72342022     -0.61616316     -1.11814615
44    481        -0.69681675     -0.62114773     -1.17017504
rattaling1 for OH1 ends here
rattling1 for OH1 starts here
29    481        -0.63981512     -0.20347105     -1.20924098
30    481        -0.66568757     -0.24122360     -1.13504538
31    481        -0.66833512     -0.32276479     -1.08097824
32    481        -0.68361614     -0.43772633     -1.04193943
33    481        -0.71678515     -0.56141944     -1.00793402
34    481        -0.75762176     -0.63852132     -1.00164589
35    481        -0.78865920     -0.67496374     -0.99107885
36    481        -0.80075915     -0.67430007     -1.00734665
37    481        -0.76820452     -0.66104263     -0.96813706
38    481        -0.74610539     -0.65741196     -0.93849314
39    481        -0.79998517     -0.66986640     -0.99213257
40    481        -0.88411854     -0.66584474     -1.09311638
41    481        -0.88111569     -0.64665849     -1.12405137
42    481        -0.80949550     -0.62204502     -1.11241477
43    481        -0.72342022     -0.61616316     -1.11814615
44    481        -0.69681675     -0.62114773     -1.17017504
45    481        -0.70650134     -0.64195044     -1.19893440
46    481        -0.70053917     -0.65720990     -1.18337694
47    481        -0.70653556     -0.66761058     -1.14370661
rattaling1 for OH1 ends here
rattling1 for OH2 starts here
84    508         9.53715461     -3.13533820      0.92907988
85    508         9.50325062     -3.20996760      0.87763409
86    508         9.49899546     -3.26702264      0.85859638
87    508         9.49853487     -3.32219083      0.84998489
88    508         9.46620382     -3.37465008      0.82733810
89    508         9.42784418     -3.40437861      0.79234871
90    508         9.39105761     -3.37808797      0.75506246
91    508         9.36352013     -3.30714976      0.74084328
92    508         9.33711852     -3.22784509      0.74207683
93    508         9.31292972     -3.19237702      0.72216471
94    508         9.29413325     -3.21552814      0.68192585
95    508         9.27221466     -3.27163452      0.65285512
96    508         9.25317840     -3.30166084      0.65327881
97    508         9.23947395     -3.30249538      0.67201612
98    508         9.20934133     -3.30477401      0.67544775
99    508         9.17793802     -3.31684085      0.66672196
100   508         9.17523532     -3.30454164      0.65768039
101   508         9.18869150     -3.25335769      0.66511444
102   508         9.14865520     -3.23548996      0.63225121
rattaling1 for OH2 ends here
rattling1 for OH2 starts here
89    508         9.42784418     -3.40437861      0.79234871
90    508         9.39105761     -3.37808797      0.75506246
91    508         9.36352013     -3.30714976      0.74084328
92    508         9.33711852     -3.22784509      0.74207683
93    508         9.31292972     -3.19237702      0.72216471
94    508         9.29413325     -3.21552814      0.68192585
95    508         9.27221466     -3.27163452      0.65285512
96    508         9.25317840     -3.30166084      0.65327881
97    508         9.23947395     -3.30249538      0.67201612
98    508         9.20934133     -3.30477401      0.67544775
99    508         9.17793802     -3.31684085      0.66672196
100   508         9.17523532     -3.30454164      0.65768039
101   508         9.18869150     -3.25335769      0.66511444
102   508         9.14865520     -3.23548996      0.63225121
103   508         9.08104349     -3.26212981      0.55921684
104   508         9.05068955     -3.27763061      0.48861756
105   508         9.04484099     -3.28169864      0.46329475
106   508         9.03372899     -3.28738382      0.45359226
107   508         9.02948124     -3.30670128      0.47208876
rattaling1 for OH2 ends here
rattling1 for OH2 starts here
91    508         9.36352013     -3.30714976      0.74084328
92    508         9.33711852     -3.22784509      0.74207683
93    508         9.31292972     -3.19237702      0.72216471
94    508         9.29413325     -3.21552814      0.68192585
95    508         9.27221466     -3.27163452      0.65285512
96    508         9.25317840     -3.30166084      0.65327881
97    508         9.23947395     -3.30249538      0.67201612
98    508         9.20934133     -3.30477401      0.67544775
99    508         9.17793802     -3.31684085      0.66672196
100   508         9.17523532     -3.30454164      0.65768039
101   508         9.18869150     -3.25335769      0.66511444
102   508         9.14865520     -3.23548996      0.63225121
103   508         9.08104349     -3.26212981      0.55921684
104   508         9.05068955     -3.27763061      0.48861756
105   508         9.04484099     -3.28169864      0.46329475
106   508         9.03372899     -3.28738382      0.45359226
107   508         9.02948124     -3.30670128      0.47208876
108   508         9.05663973     -3.33798953      0.52512827
109   508         9.06790222     -3.38778401      0.58472815
rattaling1 for OH2 ends here
rattling1 for OH2 starts here
137   517        10.57843783     -2.39788337      0.72808982
138   517        10.52841394     -2.41311292      0.72094063
139   517        10.49666822     -2.44506314      0.71836057
140   517        10.46539211     -2.45406574      0.71968258
141   517        10.43234437     -2.42412609      0.71848394
142   517        10.38919292     -2.35974595      0.72574098
143   517        10.36210956     -2.28951324      0.73995502
144   517        10.34888091     -2.22733810      0.76206696
145   517        10.35672251     -2.18863291      0.76504605
146   517        10.38410996     -2.16978500      0.76440432
147   517        10.42750847     -2.17072859      0.75341378
148   517        10.45838342     -2.19195649      0.73518917
149   517        10.46819355     -2.23068540      0.71917189
150   517        10.47703455     -2.25085715      0.70775450
151   517        10.50548208     -2.26439696      0.70377053
152   517        10.55414697     -2.27041155      0.70750264
153   517        10.59971288     -2.26045989      0.72220508
154   517        10.64605160     -2.25530228      0.73147695
155   517        10.69808119     -2.28189376      0.73209756
rattaling1 for OH2 ends here
rattling1 for OH1 starts here
209   481        -2.23971773     -1.03991171     -0.68659645
210   481        -2.24620281     -1.07588233     -0.71281252
211   481        -2.24890823     -1.08269471     -0.73316172
212   481        -2.25024492     -1.05664960     -0.75068818
213   481        -2.23044878     -1.02758690     -0.77522122
214   481        -2.18019191     -1.00401987     -0.78949468
215   481        -2.11769760     -0.98146926     -0.79024439
216   481        -2.04187089     -0.97669665     -0.77475903
217   481        -1.96544114     -1.01145130     -0.75099258
218   481        -1.92917114     -1.07031175     -0.70778267
219   481        -1.94074048     -1.11462189     -0.64218227
220   481        -1.94203904     -1.13122067     -0.58252340
221   481        -1.88430322     -1.13227398     -0.55393683
222   481        -1.80768109     -1.11425497     -0.55900811
223   481        -1.79092763     -1.07191625     -0.57633345
224   481        -1.81882586     -1.04288784     -0.59831922
225   481        -1.84532620     -1.04600620     -0.61663962
226   481        -1.85037209     -1.07481783     -0.61037024
227   481        -1.86478072     -1.11868897     -0.60271448
rattaling1 for OH1 ends here
rattling1 for OH1 starts here
211   481        -2.24890823     -1.08269471     -0.73316172
212   481        -2.25024492     -1.05664960     -0.75068818
213   481        -2.23044878     -1.02758690     -0.77522122
214   481        -2.18019191     -1.00401987     -0.78949468
215   481        -2.11769760     -0.98146926     -0.79024439
216   481        -2.04187089     -0.97669665     -0.77475903
217   481        -1.96544114     -1.01145130     -0.75099258
218   481        -1.92917114     -1.07031175     -0.70778267
219   481        -1.94074048     -1.11462189     -0.64218227
220   481        -1.94203904     -1.13122067     -0.58252340
221   481        -1.88430322     -1.13227398     -0.55393683
222   481        -1.80768109     -1.11425497     -0.55900811
223   481        -1.79092763     -1.07191625     -0.57633345
224   481        -1.81882586     -1.04288784     -0.59831922
225   481        -1.84532620     -1.04600620     -0.61663962
226   481        -1.85037209     -1.07481783     -0.61037024
227   481        -1.86478072     -1.11868897     -0.60271448
228   481        -1.93403422     -1.13988797     -0.60642806
229   481        -1.99613145     -1.13919398     -0.61914898
rattaling1 for OH1 ends here
rattling1 for OH1 starts here
281   481        -1.54102502     -0.37039162     -0.25375930
282   481        -1.52950427     -0.30008621     -0.27528302
283   481        -1.56056889     -0.23386063     -0.28191619
284   481        -1.58663343     -0.19201380     -0.25764972
285   481        -1.58254934     -0.18565266     -0.21342917
286   481        -1.56463595     -0.20881648     -0.17748268
287   481        -1.52711305     -0.22828338     -0.16421321
288   481        -1.45453253     -0.25436657     -0.20526151
289   481        -1.35200350     -0.29211407     -0.27664554
290   481        -1.28454491     -0.35589998     -0.30821790
291   481        -1.27736729     -0.39322951     -0.31879078
292   481        -1.33624289     -0.39031295     -0.29333455
293   481        -1.39724591     -0.35251370     -0.23500355
294   481        -1.42098022     -0.32639805     -0.16949097
295   481        -1.41815558     -0.35896751     -0.14740482
296   481        -1.39262431     -0.43719945     -0.18015108
297   481        -1.33737950     -0.53122613     -0.22359346
298   481        -1.27013053     -0.60336465     -0.24436153
299   481        -1.25308837     -0.64736088     -0.21811831
rattaling1 for OH1 ends here
rattling1 for OH1 starts here
350   481        -1.45161398      0.31696925      0.43810116
351   481        -1.45901954      0.33933478      0.46721524
352   481        -1.46959061      0.37968808      0.48562104
353   481        -1.48174452      0.41259440      0.49281959
354   481        -1.50435655      0.44108774      0.48980944
355   481        -1.53217871      0.45197555      0.46773034
356   481        -1.55387380      0.44175073      0.42748978
357   481        -1.55629915      0.41173246      0.36629181
358   481        -1.55366645      0.37906491      0.29544210
359   481        -1.54221190      0.36655024      0.22605299
360   481        -1.53124740      0.38352108      0.16430058
361   481        -1.54060533      0.43508583      0.10605620
362   481        -1.59550225      0.49380533      0.04855622
363   481        -1.66858176      0.55042461     -0.01280626
364   481        -1.71406262      0.58293602     -0.08047455
365   481        -1.71698064      0.58635021     -0.17626046
366   481        -1.72031388      0.54551346     -0.29903899
367   481        -1.74293168      0.48797930     -0.41884639
368   481        -1.77813517      0.44600843     -0.49752668
rattaling1 for OH1 ends here
rattling1 for OH1 starts here
352   481        -1.46959061      0.37968808      0.48562104
353   481        -1.48174452      0.41259440      0.49281959
354   481        -1.50435655      0.44108774      0.48980944
355   481        -1.53217871      0.45197555      0.46773034
356   481        -1.55387380      0.44175073      0.42748978
357   481        -1.55629915      0.41173246      0.36629181
358   481        -1.55366645      0.37906491      0.29544210
359   481        -1.54221190      0.36655024      0.22605299
360   481        -1.53124740      0.38352108      0.16430058
361   481        -1.54060533      0.43508583      0.10605620
362   481        -1.59550225      0.49380533      0.04855622
363   481        -1.66858176      0.55042461     -0.01280626
364   481        -1.71406262      0.58293602     -0.08047455
365   481        -1.71698064      0.58635021     -0.17626046
366   481        -1.72031388      0.54551346     -0.29903899
367   481        -1.74293168      0.48797930     -0.41884639
368   481        -1.77813517      0.44600843     -0.49752668
369   481        -1.81260360      0.48125438     -0.54903155
370   481        -1.82263973      0.57268919     -0.61420588
rattaling1 for OH1 ends here
rattling1 for OH1 starts here
354   481        -1.50435655      0.44108774      0.48980944
355   481        -1.53217871      0.45197555      0.46773034
356   481        -1.55387380      0.44175073      0.42748978
357   481        -1.55629915      0.41173246      0.36629181
358   481        -1.55366645      0.37906491      0.29544210
359   481        -1.54221190      0.36655024      0.22605299
360   481        -1.53124740      0.38352108      0.16430058
361   481        -1.54060533      0.43508583      0.10605620
362   481        -1.59550225      0.49380533      0.04855622
363   481        -1.66858176      0.55042461     -0.01280626
364   481        -1.71406262      0.58293602     -0.08047455
365   481        -1.71698064      0.58635021     -0.17626046
366   481        -1.72031388      0.54551346     -0.29903899
367   481        -1.74293168      0.48797930     -0.41884639
368   481        -1.77813517      0.44600843     -0.49752668
369   481        -1.81260360      0.48125438     -0.54903155
370   481        -1.82263973      0.57268919     -0.61420588
371   481        -1.82546481      0.61971688     -0.71754192
372   481        -1.83051987      0.61300711     -0.85783388
rattaling1 for OH1 ends here
rattling1 for OH1 starts here
357   481        -1.55629915      0.41173246      0.36629181
358   481        -1.55366645      0.37906491      0.29544210
359   481        -1.54221190      0.36655024      0.22605299
360   481        -1.53124740      0.38352108      0.16430058
361   481        -1.54060533      0.43508583      0.10605620
362   481        -1.59550225      0.49380533      0.04855622
363   481        -1.66858176      0.55042461     -0.01280626
364   481        -1.71406262      0.58293602     -0.08047455
365   481        -1.71698064      0.58635021     -0.17626046
366   481        -1.72031388      0.54551346     -0.29903899
367   481        -1.74293168      0.48797930     -0.41884639
368   481        -1.77813517      0.44600843     -0.49752668
369   481        -1.81260360      0.48125438     -0.54903155
370   481        -1.82263973      0.57268919     -0.61420588
371   481        -1.82546481      0.61971688     -0.71754192
372   481        -1.83051987      0.61300711     -0.85783388
373   481        -1.82431198      0.65823363     -0.96142892
374   481        -1.81312365      0.75657856     -1.04201868
375   481        -1.82130656      0.85209997     -1.07664792
rattaling1 for OH1 ends here
rattling1 for OH1 starts here
361   481        -1.54060533      0.43508583      0.10605620
362   481        -1.59550225      0.49380533      0.04855622
363   481        -1.66858176      0.55042461     -0.01280626
364   481        -1.71406262      0.58293602     -0.08047455
365   481        -1.71698064      0.58635021     -0.17626046
366   481        -1.72031388      0.54551346     -0.29903899
367   481        -1.74293168      0.48797930     -0.41884639
368   481        -1.77813517      0.44600843     -0.49752668
369   481        -1.81260360      0.48125438     -0.54903155
370   481        -1.82263973      0.57268919     -0.61420588
371   481        -1.82546481      0.61971688     -0.71754192
372   481        -1.83051987      0.61300711     -0.85783388
373   481        -1.82431198      0.65823363     -0.96142892
374   481        -1.81312365      0.75657856     -1.04201868
375   481        -1.82130656      0.85209997     -1.07664792
376   481        -1.84238149      0.86667907     -1.12070520
377   481        -1.87829065      0.80895255     -1.13849617
378   481        -1.92095488      0.77512042     -1.12569994
379   481        -1.96061109      0.79923734     -1.09374194
rattaling1 for OH1 ends here
rattling1 for OH1 starts here
367   481        -1.74293168      0.48797930     -0.41884639
368   481        -1.77813517      0.44600843     -0.49752668
369   481        -1.81260360      0.48125438     -0.54903155
370   481        -1.82263973      0.57268919     -0.61420588
371   481        -1.82546481      0.61971688     -0.71754192
372   481        -1.83051987      0.61300711     -0.85783388
373   481        -1.82431198      0.65823363     -0.96142892
374   481        -1.81312365      0.75657856     -1.04201868
375   481        -1.82130656      0.85209997     -1.07664792
376   481        -1.84238149      0.86667907     -1.12070520
377   481        -1.87829065      0.80895255     -1.13849617
378   481        -1.92095488      0.77512042     -1.12569994
379   481        -1.96061109      0.79923734     -1.09374194
380   481        -1.97953157      0.82788548     -1.07995806
381   481        -1.97804430      0.83865529     -1.10643595
382   481        -1.95745449      0.81216362     -1.15036643
383   481        -1.94097882      0.75079536     -1.17235748
384   481        -1.92070316      0.65090455     -1.17429597
385   481        -1.90473962      0.57500431     -1.16404245
rattaling1 for OH1 ends here
rattling1 for OH1 starts here
371   481        -1.82546481      0.61971688     -0.71754192
372   481        -1.83051987      0.61300711     -0.85783388
373   481        -1.82431198      0.65823363     -0.96142892
374   481        -1.81312365      0.75657856     -1.04201868
375   481        -1.82130656      0.85209997     -1.07664792
376   481        -1.84238149      0.86667907     -1.12070520
377   481        -1.87829065      0.80895255     -1.13849617
378   481        -1.92095488      0.77512042     -1.12569994
379   481        -1.96061109      0.79923734     -1.09374194
380   481        -1.97953157      0.82788548     -1.07995806
381   481        -1.97804430      0.83865529     -1.10643595
382   481        -1.95745449      0.81216362     -1.15036643
383   481        -1.94097882      0.75079536     -1.17235748
384   481        -1.92070316      0.65090455     -1.17429597
385   481        -1.90473962      0.57500431     -1.16404245
386   481        -1.89868424      0.56931351     -1.12145411
387   481        -1.88499378      0.56475879     -1.06801549
388   481        -1.86170052      0.54053178     -0.99267859
389   481        -1.83718107      0.47476349     -0.95700432
rattaling1 for OH1 ends here
rattling1 for OH1 starts here
392   481        -1.81622553      0.34758328     -0.84011915
393   481        -1.86626970      0.35820984     -0.76631048
394   481        -1.92310043      0.32727622     -0.74771170
395   481        -1.94569400      0.27119221     -0.74368948
396   481        -1.91882194      0.19868706     -0.70927776
397   481        -1.86182169      0.14093130     -0.62823309
398   481        -1.79409010      0.08300750     -0.54930899
399   481        -1.74981425     -0.00100818     -0.50118155
400   481        -1.72384062     -0.07296868     -0.47375980
401   481        -1.71422783     -0.06736576     -0.44263283
402   481        -1.72513835     -0.01121821     -0.42814262
403   481        -1.76243378      0.04376165     -0.45965906
404   481        -1.79415261      0.07831366     -0.50997356
405   481        -1.78660910      0.09598417     -0.54204626
406   481        -1.74267941      0.07838365     -0.56018490
407   481        -1.69217639      0.01078197     -0.58496429
408   481        -1.66841638     -0.05300921     -0.60290798
409   481        -1.66576610     -0.11082337     -0.62363317
410   481        -1.67215858     -0.15533008     -0.66337761
rattaling1 for OH1 ends here
rattling1 for OH1 starts here
399   481        -1.74981425     -0.00100818     -0.50118155
400   481        -1.72384062     -0.07296868     -0.47375980
401   481        -1.71422783     -0.06736576     -0.44263283
402   481        -1.72513835     -0.01121821     -0.42814262
403   481        -1.76243378      0.04376165     -0.45965906
404   481        -1.79415261      0.07831366     -0.50997356
405   481        -1.78660910      0.09598417     -0.54204626
406   481        -1.74267941      0.07838365     -0.56018490
407   481        -1.69217639      0.01078197     -0.58496429
408   481        -1.66841638     -0.05300921     -0.60290798
409   481        -1.66576610     -0.11082337     -0.62363317
410   481        -1.67215858     -0.15533008     -0.66337761
411   481        -1.69279537     -0.17457703     -0.71649966
412   481        -1.72178778     -0.22579754     -0.77133493
413   481        -1.72760754     -0.28333405     -0.78971997
414   481        -1.73087127     -0.32804885     -0.77983265
415   481        -1.72569801     -0.36101206     -0.73921946
416   481        -1.71769187     -0.38291803     -0.64534840
417   481        -1.74233535     -0.40579415     -0.55942252
rattaling1 for OH1 ends here
rattling1 for OH2 starts here
545   517        11.45028988     -3.40217025      1.62784683
546   517        11.47044874     -3.45645075      1.63801506
547   517        11.48415636     -3.51305380      1.64167504
548   517        11.49642025     -3.54986830      1.63560842
549   517        11.47867377     -3.56098341      1.62771533
550   517        11.44079425     -3.56060406      1.62162063
551   517        11.41904514     -3.57694623      1.61578139
552   517        11.43941128     -3.63261534      1.60900761
553   517        11.50262054     -3.70028925      1.61861183
554   517        11.57512366     -3.76474388      1.63114107
555   517        11.60006793     -3.81991283      1.63328065
556   517        11.59477257     -3.86581677      1.60650056
557   517        11.58917625     -3.88267858      1.57321210
558   517        11.59002351     -3.86436971      1.53842174
559   517        11.56826201     -3.84052842      1.49181101
560   517        11.52909583     -3.83056920      1.44355872
561   517        11.49379982     -3.82954958      1.40420938
562   517        11.49607823     -3.82599870      1.40093592
563   517        11.53132338     -3.82217429      1.39299052
rattaling1 for OH2 ends here
