C1  1  [0.64890178]
C1  2  [0.64890178 1.36530547]
C1  3  [0.64890178 1.36530547 0.55668468]
C1  4  [0.64890178 1.36530547 0.55668468 1.05048918]
C1  5  [ 0.64890178  1.36530547  0.55668468  1.05048918 -0.33210243]
C1  6  [ 0.64890178  1.36530547  0.55668468  1.05048918 -0.33210243  1.15063412]
C1  7  [ 0.64890178  1.36530547  0.55668468  1.05048918 -0.33210243  1.15063412
  0.3129278 ]
C1  8  [ 0.64890178  1.36530547  0.55668468  1.05048918 -0.33210243  1.15063412
  0.3129278   0.17583386]
C1  9  [ 0.64890178  1.36530547  0.55668468  1.05048918 -0.33210243  1.15063412
  0.3129278   0.17583386  0.50243697]
C1  10  [ 0.64890178  1.36530547  0.55668468  1.05048918 -0.33210243  1.15063412
  0.3129278   0.17583386  0.50243697  0.00187789]
C1  11  [ 0.64890178  1.36530547  0.55668468  1.05048918 -0.33210243  1.15063412
  0.3129278   0.17583386  0.50243697  0.00187789  1.78347841]
C1  12  [ 0.64890178  1.36530547  0.55668468  1.05048918 -0.33210243  1.15063412
  0.3129278   0.17583386  0.50243697  0.00187789  1.78347841  1.77213529]
C1  13  [ 0.64890178  1.36530547  0.55668468  1.05048918 -0.33210243  1.15063412
  0.3129278   0.17583386  0.50243697  0.00187789  1.78347841  1.77213529
  0.7093129 ]
C1  14  [ 0.64890178  1.36530547  0.55668468  1.05048918 -0.33210243  1.15063412
  0.3129278   0.17583386  0.50243697  0.00187789  1.78347841  1.77213529
  0.7093129   1.32155642]
C1  15  [ 6.48901778e-01  1.36530547e+00  5.56684677e-01  1.05048918e+00
 -3.32102428e-01  1.15063412e+00  3.12927804e-01  1.75833857e-01
  5.02436971e-01  1.87789119e-03  1.78347841e+00  1.77213529e+00
  7.09312901e-01  1.32155642e+00  2.26284877e+00]
