C4  1  [1.0503037]
C4  2  [1.0503037  0.27682828]
C4  3  [ 1.0503037   0.27682828 -0.13516693]
C4  4  [ 1.0503037   0.27682828 -0.13516693  0.1699576 ]
C4  5  [ 1.0503037   0.27682828 -0.13516693  0.1699576   0.36772901]
C4  6  [ 1.0503037   0.27682828 -0.13516693  0.1699576   0.36772901  0.2526331 ]
C4  7  [ 1.0503037   0.27682828 -0.13516693  0.1699576   0.36772901  0.2526331
  0.46439755]
C4  8  [ 1.0503037   0.27682828 -0.13516693  0.1699576   0.36772901  0.2526331
  0.46439755  2.5530656 ]
C4  9  [ 1.0503037   0.27682828 -0.13516693  0.1699576   0.36772901  0.2526331
  0.46439755  2.5530656   0.29575325]
C4  10  [ 1.0503037   0.27682828 -0.13516693  0.1699576   0.36772901  0.2526331
  0.46439755  2.5530656   0.29575325 -0.18380282]
C4  11  [ 1.0503037   0.27682828 -0.13516693  0.1699576   0.36772901  0.2526331
  0.46439755  2.5530656   0.29575325 -0.18380282  0.3308227 ]
C4  12  [ 1.0503037   0.27682828 -0.13516693  0.1699576   0.36772901  0.2526331
  0.46439755  2.5530656   0.29575325 -0.18380282  0.3308227   0.37567654]
C4  13  [ 1.0503037   0.27682828 -0.13516693  0.1699576   0.36772901  0.2526331
  0.46439755  2.5530656   0.29575325 -0.18380282  0.3308227   0.37567654
  0.83026754]
C4  14  [ 1.0503037   0.27682828 -0.13516693  0.1699576   0.36772901  0.2526331
  0.46439755  2.5530656   0.29575325 -0.18380282  0.3308227   0.37567654
  0.83026754  0.12596062]
C4  15  [ 1.0503037   0.27682828 -0.13516693  0.1699576   0.36772901  0.2526331
  0.46439755  2.5530656   0.29575325 -0.18380282  0.3308227   0.37567654
  0.83026754  0.12596062  1.24425581]
