C4  1  [1.15625349]
C4  2  [1.15625349 0.93208006]
C4  3  [1.15625349 0.93208006 1.03306178]
C4  4  [1.15625349 0.93208006 1.03306178 1.01507082]
C4  5  [1.15625349 0.93208006 1.03306178 1.01507082 0.79898975]
C4  6  [1.15625349 0.93208006 1.03306178 1.01507082 0.79898975 0.95178063]
C4  7  [1.15625349 0.93208006 1.03306178 1.01507082 0.79898975 0.95178063
 0.93442294]
C4  8  [1.15625349 0.93208006 1.03306178 1.01507082 0.79898975 0.95178063
 0.93442294 1.22517925]
C4  9  [1.15625349 0.93208006 1.03306178 1.01507082 0.79898975 0.95178063
 0.93442294 1.22517925 0.725221  ]
C4  10  [1.15625349 0.93208006 1.03306178 1.01507082 0.79898975 0.95178063
 0.93442294 1.22517925 0.725221   1.20022907]
C4  11  [1.15625349 0.93208006 1.03306178 1.01507082 0.79898975 0.95178063
 0.93442294 1.22517925 0.725221   1.20022907 1.47849912]
C4  12  [1.15625349 0.93208006 1.03306178 1.01507082 0.79898975 0.95178063
 0.93442294 1.22517925 0.725221   1.20022907 1.47849912 0.78579579]
C4  13  [1.15625349 0.93208006 1.03306178 1.01507082 0.79898975 0.95178063
 0.93442294 1.22517925 0.725221   1.20022907 1.47849912 0.78579579
 1.06347855]
C4  14  [1.15625349 0.93208006 1.03306178 1.01507082 0.79898975 0.95178063
 0.93442294 1.22517925 0.725221   1.20022907 1.47849912 0.78579579
 1.06347855 0.76857712]
C4  15  [1.15625349 0.93208006 1.03306178 1.01507082 0.79898975 0.95178063
 0.93442294 1.22517925 0.725221   1.20022907 1.47849912 0.78579579
 1.06347855 0.76857712 1.06246785]
