C6  1  [0.24832577]
C6  2  [0.24832577 0.06311302]
C6  3  [0.24832577 0.06311302 1.56457616]
C6  4  [0.24832577 0.06311302 1.56457616 0.43342407]
C6  5  [0.24832577 0.06311302 1.56457616 0.43342407 1.14089501]
C6  6  [ 0.24832577  0.06311302  1.56457616  0.43342407  1.14089501 -0.03831292]
C6  7  [ 0.24832577  0.06311302  1.56457616  0.43342407  1.14089501 -0.03831292
  0.63216045]
C6  8  [ 0.24832577  0.06311302  1.56457616  0.43342407  1.14089501 -0.03831292
  0.63216045  0.13909586]
C6  9  [ 0.24832577  0.06311302  1.56457616  0.43342407  1.14089501 -0.03831292
  0.63216045  0.13909586  0.13919788]
C6  10  [ 0.24832577  0.06311302  1.56457616  0.43342407  1.14089501 -0.03831292
  0.63216045  0.13909586  0.13919788 -0.06556376]
C6  11  [ 0.24832577  0.06311302  1.56457616  0.43342407  1.14089501 -0.03831292
  0.63216045  0.13909586  0.13919788 -0.06556376  0.00754576]
C6  12  [ 0.24832577  0.06311302  1.56457616  0.43342407  1.14089501 -0.03831292
  0.63216045  0.13909586  0.13919788 -0.06556376  0.00754576  0.18620551]
C6  13  [ 0.24832577  0.06311302  1.56457616  0.43342407  1.14089501 -0.03831292
  0.63216045  0.13909586  0.13919788 -0.06556376  0.00754576  0.18620551
  0.10694817]
C6  14  [ 0.24832577  0.06311302  1.56457616  0.43342407  1.14089501 -0.03831292
  0.63216045  0.13909586  0.13919788 -0.06556376  0.00754576  0.18620551
  0.10694817 -0.00710021]
C6  15  [ 0.24832577  0.06311302  1.56457616  0.43342407  1.14089501 -0.03831292
  0.63216045  0.13909586  0.13919788 -0.06556376  0.00754576  0.18620551
  0.10694817 -0.00710021  0.09426215]
