C6  1  [1.35299128]
C6  2  [1.35299128 1.08686439]
C6  3  [1.35299128 1.08686439 1.05193995]
C6  4  [1.35299128 1.08686439 1.05193995 0.87990918]
C6  5  [1.35299128 1.08686439 1.05193995 0.87990918 0.73753272]
C6  6  [1.35299128 1.08686439 1.05193995 0.87990918 0.73753272 1.03198963]
C6  7  [1.35299128 1.08686439 1.05193995 0.87990918 0.73753272 1.03198963
 0.92698656]
C6  8  [1.35299128 1.08686439 1.05193995 0.87990918 0.73753272 1.03198963
 0.92698656 0.74614233]
C6  9  [1.35299128 1.08686439 1.05193995 0.87990918 0.73753272 1.03198963
 0.92698656 0.74614233 1.2880237 ]
C6  10  [1.35299128 1.08686439 1.05193995 0.87990918 0.73753272 1.03198963
 0.92698656 0.74614233 1.2880237  0.73883868]
C6  11  [1.35299128 1.08686439 1.05193995 0.87990918 0.73753272 1.03198963
 0.92698656 0.74614233 1.2880237  0.73883868 1.27474126]
C6  12  [1.35299128 1.08686439 1.05193995 0.87990918 0.73753272 1.03198963
 0.92698656 0.74614233 1.2880237  0.73883868 1.27474126 0.96253315]
C6  13  [1.35299128 1.08686439 1.05193995 0.87990918 0.73753272 1.03198963
 0.92698656 0.74614233 1.2880237  0.73883868 1.27474126 0.96253315
 1.0261452 ]
C6  14  [1.35299128 1.08686439 1.05193995 0.87990918 0.73753272 1.03198963
 0.92698656 0.74614233 1.2880237  0.73883868 1.27474126 0.96253315
 1.0261452  0.95713746]
C6  15  [1.35299128 1.08686439 1.05193995 0.87990918 0.73753272 1.03198963
 0.92698656 0.74614233 1.2880237  0.73883868 1.27474126 0.96253315
 1.0261452  0.95713746 0.78005579]
